1739239
36529698
41770234
44413416
162649276
281490947
311167223
339320996
409586869
414544250
459538163
478198076
716326447
793556098
815994713
894240284
902116896
1108192036
1169450974
1195104722
1206241873
1246038251
1299461876
1382165550
1452946327
1488880377
1627993763
1890588748
1911703922
2029737584
2133191468
2179469321
2406852312
2736877824
2899350783
3005414593
3167108918
3295687234
3333961073
3532471569
3612709371
3728217036
4028248102
4076060959
4097010539
4228026556
4245130838
4283792039
4284963413